110.929156283
103.525046382
93.6093909635
104.14446694
104.14446694
120.078320635
68.1778451139
83.523075473
96.5951932349
78.0229056582
68.1778451139
114.037092112
114.706847021
75.2570522802
110.281760511
114.51858935
75.2570522802
110.281760511
93.6560960356
81.7293881069
75.2570522802
78.9658308505
110.35843857
114.51858935
110.281760511
101.67848468
92.6233712937
118.585130309
105.450424061
96.0116017659
93.8508831577
107.484590486
110.281760511
75.2570522802
101.67848468
85.97849884
81.8877450114
81.8877450114
85.7626815239
90.2829316087
100.421002873
100.406987949
94.66412302
80.6385418694
108.376644913
100.421002873
90.6032986111
86.8705634027
100.279847504
104.708783558
99.1597409414
85.7626815239
98.4117851898
86.8705634027
102.074346206
89.226432457
99.1862880886
94.6474471929
87.9956480413
74.9209486659
145.252882821
109.298405524
102.373614993
100.20089743
120.36181838
100.20089743
102.037037799
110.407598936
97.6680384088
101.448155144
85.5579660603
94.6474471929
105.707908163
105.707908163
94.8238118777
102.373614993
105.707908163
84.0164847405
110.484948494
92.9416839122
97.6680384088
120.36181838
102.37010705
85.6278230796
120.36181838
93.1310889503
94.8238118777
93.1310889503
102.332270164
105.103519905
99.9735283483
101.133557869
99.7600199428
75.6504513733
106.666666667
102.332270164
85.8894491893
105.69808153
99.0074453996
105.69808153
86.0562697684
99.7600199428
111.762367266
126.379494482
103.869717243
86.0562697684
110.073870546
103.869717243
101.530442557
99.7600199428
112.141388473
104.749150164
107.310093652
92.1267186519
90.1152316556
126.379494482
98.2173348815
110.073870546
110.897492636
110.897492636
93.9778557926
101.530442557
94.7906588434
83.5781127739
124.752553516
126.379494482
83.0444064255
80.667849723
98.2173348815
112.957009246
83.5781127739
110.120080437
83.5781127739
81.5983636496
83.5781127739
112.957009246
81.5983636496
90.3494669474
100.799230892
102.608844793
171.918351169
138.098507187
138.098507187
98.8516865136
100.799230892
82.2296374552
108.869955259
96.0750673996
82.2296374552
96.0750673996
82.2296374552
108.869955259
142.720221607
121.598602402
171.918351169
135.00591716
89.032426027
82.2296374552
89.032426027
104.060739022
96.0952346803
93.5164028494
108.63908491
93.226215283
89.032426027
86.9356863023
112.615026997
86.9356863023
86.9356863023
89.7615473181
95.3799534065
89.7615473181
94.0245890023
104.192123805
