133.962165243
133.637688615
81.4690091454
114.503630979
124.571816793
114.745597662
87.671535772
96.114154505
131.909779145
61.71875
121.864241122
116.826915593
91.1741029297
109.780789122
102.681949628
111.885930929
78.2216749063
108.80404344
91.8273645546
86.9139495895
95.2977270271
84.1143864953
89.0893049701
150.763888889
74.3188414843
133.041325924
89.3060178199
109.629397099
110.120783007
91.1232404481
113.989959112
112.907601228
106.607187947
93.6208677686
86.8454267198
85.2542181151
92.1418985237
83.8514856003
109.833795014
91.1638677285
86.6814110208
87.820557474
85.486522025
169.85467128
83.9572753901
108.435531075
95.2005259698
93.2137560907
91.925264574
136.165559402
85.9039327053
98.7375101269
95.6419639091
89.082069139
108.623973203
70.4379663826
88.101782945
97.9446581881
83.3885645375
87.0274835646
113.992931695
85.3472189349
87.0274835646
113.992931695
93.9740825647
75.5191030654
101.444119639
105.368090819
102.782284718
87.186425996
108.013866003
88.5542117282
110.848871937
97.9844915896
78.5067283384
101.650969529
95.80240968
129.218106996
83.5162903459
117.36968229
69.7910974394
95.1479289941
122.901243528
101.889633906
108.423464223
81.7288127219
108.423464223
102.158656102
114.254572828
89.6067724374
101.255087035
109.303976767
82.0512820513
111.100984843
101.255087035
109.303976767
102.772254657
114.488121183
90.5443786982
95.0247544842
104.378710276
96.72455163
88.5994472
97.9162159713
126.033738706
77.2853670072
88.5994472
77.5790151452
81.6117803498
77.3884959455
62.8698224852
109.023444088
99.1589266044
117.08807893
86.0320375472
91.5931701027
112.195121951
128.389528986
170.096021948
89.8720789209
56.1983471074
91.5392926951
98.398472423
99.8571793747
112.195121951
128.389528986
86.0320375472
97.9358987152
170.096021948
87.6261817017
85.7023776545
115.190060245
96.4580084651
105.410760555
90.5178428478
116.327778382
91.8003948024
104.680441238
91.4271208991
98.3912668773
83.5974686578
111.767788669
123.711208453
87.534957076
82.0058440946
96.8194025934
87.8703141637
123.321280992
83.9786143529
76.0149481909
85.8304754409
100.426502678
98.7046923006
102.4994749
149.296599734
112.862855224
102.4994749
100.426502678
98.7046923006
111.767788669
147.930396138
107.502118941
95.749513681
103.40699613
83.349805286
94.6589221766
115.811030294
84.3574741282
108.133490003
78.638893574
108.133490003
84.3574741282
83.6345329886
101.332720254
107.530012325
109.970825115
102.732064395
102.158656102
103.886275488
109.275441435
109.275441435
87.562755551
112.063560957
84.1338425729
97.7130250952
84.9419302434
87.1670528612
99.3242435029
79.3147066317
109.698030299
100.487269957
118.182704466
99.0515534788
97.3899979143
80.0406393006
87.6162573762
127.178099095
109.08324235
92.4489795918
100.464906362
112.684531388
95.8536692609
83.9488687296
109.564739025
83.9488687296
85.9128334404
86.955883109
125.066650133
139.847332239
82.5993488722
79.4822504165
90.3777298655
117.210303729
79.4822504165
85.9128334404
96.193478416
134.00840018
97.8787332492
86.2973867843
81.4483824242
92.7588633551
109.37097548
85.976867644
98.6606767107
117.341478059
99.3999619762
101.62858225
123.287272144
116.521057453
112.236876583
92.6406397851
110.312029285
113.924650732
123.287272144
107.004301599
96.043930622
81.2386808974
105.787741561
87.9142745855
97.3964497041
90.5142080613
129.874488757
83.7935568705
78.9470207425
107.553302641
118.673871519
84.0602653033
83.584857349
111.885930929
106.379345673
80.5245845615
81.0646415042
82.4204465654
78.5572196875
107.530019121
118.098565664
101.605401899
115.437344961
94.623042849
102.359978722
58.6801426873
115.437344961
97.4096065029
100.119956064
95.2845571334
109.958550324
89.4961820019
79.3103751904
104.904947311
99.5172915427
95.2502153653
104.904947311
131.81485316
91.131656704
93.4088425748
114.669615343
89.910067455
96.5679890582
94.3880168257
74.1952355782
94.3880168257
89.910067455
110.640495868
96.5679890582
126.844618056
132.265924121
94.5833222335
99.926694883
95.6589453248
106.627362107
76.523034625
123.151680991
92.2032931021
92.6800238048
85.6994777061
96.8876071151
87.2383810403
83.3679810526
93.0206352048
78.8052807341
107.077476643
90.6595984237
102.772254657
121.672052939
109.694001624
72.790842872
94.1764786675
76.3995622974
119.819519377
102.095698619
119.006098533
92.3705688346
92.3528928337
89.019683823
259.515570934
112.272249408
80.4976436417
77.5610234291
91.6445903515
111.887892412
129.62311843
79.4571640714
90.4509667663
90.3970660538
99.5965942891
96.0438551168
85.2905981742
124.937780743
92.8451745046
103.893615492
79.7744211749
88.73945618
78.8802916325
164.264889629
88.5260072752
127.236399043
107.453563758
102.492695398
86.4182350435
85.2572636855
0.0
0.0
108.572946411
105.852729206
71.7355826424
109.475208078
117.713949613
66.6107396579
109.859182267
87.2861392029
103.022367332
103.985545754
78.4611706851
116.880547233
94.8958704165
105.731650472
88.8135835026
106.872183113
92.6922007663
83.4508023406
127.563233373
73.7654320988
81.1327529818
89.2914279957
79.6033057851
100.646917499
100.057670127
136.549128633
98.2067793165
79.9890748873
96.5919238208
89.6892885016
60.8815195129
95.8794380027
91.6316924633
81.300903294
81.9174455294
118.309072588
84.9604858332
90.4048008295
101.110553898
113.434594525
83.8831012921
103.335026854
87.7949391044
130.956988497
87.9846861137
89.9425932262
108.127148639
134.105682373
86.2358962833
93.7378016163
84.6476791067
90.9989594173
97.3610966086
116.562943161
128.494177329
101.398720974
76.6032704983
66.9906392309
148.245449428
118.720536605
106.686564784
83.3423472147
104.558698401
118.8352
107.895588328
85.7467491478
90.8030770315
133.783817232
120.64785384
118.390018433
123.046875
97.0864197531
82.4357520786
120.640029846
96.6161242604
108.830097559
84.4185889805
74.2629428688
99.0702479339
84.4964708466
99.9222234568
79.7347733324
109.398586144
112.833156583
88.25589351
83.0383173678
94.2571458043
106.427456519
110.804153862
108.230366977
102.352599211
110.804153862
97.31975361
100.992690478
102.542325685
83.1362943561
102.062190383
101.515541492
83.4759738566
68.5928188358
94.9541489247
100.190718373
95.3403977355
84.5941951475
115.073061691
103.266390415
77.3333789265
99.0702479339
87.4376417234
101.701183432
122.807534602
103.721096981
98.9583333333
91.16858726
80.877056401
101.701183432
104.726447048
80.9920163071
130.071996169
105.395215285
99.9669421488
111.955734467
106.272189349
130.293659502
118.348412124
106.588142588
109.333661033
93.590872427
95.7361898761
98.427456382
92.9927607638
81.4220744291
112.553471443
81.6508420243
93.0196603881
119.667590028
119.6591132
116.825243888
88.1959615533
92.8336804999
92.6728793397
100.3290503
88.5204081633
122.504966418
166.58436214
93.2759535078
105.307738287
111.815358198
95.1644829861
105.92870799
87.6480579175
111.78872888
116.621100158
76.857766032
87.8990872816
95.0138504155
98.8233377422
98.5973810879
104.250131636
109.34342888
150.965307011
105.129106251
128.347730533
105.523382242
136.414185224
76.9419280692
105.523382242
128.347730533
135.604938272
105.129106251
80.8772312477
71.0519140965
98.9076474177
98.8233377422
91.0062634287
106.276917873
95.9929203215
90.5707342892
76.1066934481
106.276917873
82.3518146127
87.8388714201
79.548156956
68.1613151124
99.6122345145
90.945179092
96.3821534396
79.815328287
101.584640073
120.569677575
88.4974613131
101.068522694
92.3159444975
103.663316285
77.7296596606
93.8488994646
100.8394778
86.0986638631
81.1224489796
96.998802777
147.448925367
91.344792117
108.210010369
69.0249702735
90.4434824931
91.4270606121
105.815274734
95.0812863415
79.8175558471
130.545901489
108.670273636
127.869876179
97.7506114433
81.9155639572
95.6687994412
81.3835581321
82.0042844726
110.972477935
84.4761330523
103.108648815
68.5875463549
84.992
84.4761330523
85.5402707219
100.480277737
133.941396151
97.9215836223
86.5247033078
105.66893424
103.351111111
90.5387052965
112.301930822
103.519138846
103.663316285
100.744876384
82.5592514173
87.828812802
70.8153055706
93.1153393647
73.8512860766
95.7235129112
113.719814431
89.0166607267
85.040068003
94.040180137
79.6084474683
76.8603908096
92.9736058263
83.4027364664
97.3922902494
87.3717135475
79.2028807846
82.6380069511
93.2923486569
114.147358989
105.856690408
101.695859924
94.2771984711
78.2594029347
88.1875889752
144.976766544
76.0099958351
111.424706316
78.3513310391
112.15157878
140.239080387
83.0930039027
111.328171369
95.5920577897
110.115399613
90.7431232885
124.062541117
101.82740928
87.9424160977
82.4553194059
84.2923972054
85.233646466
97.6401660213
108.474526344
89.384336804
98.3293997871
106.792899408
82.7926401396
103.149947489
95.3780226507
83.0361225423
97.8922799392
81.8478348412
98.6671122002
96.9258138011
132.162330905
104.510321425
104.483040619
84.6748334751
104.327241441
92.8150444069
72.7984442095
95.5332823465
91.0644357423
99.3296071071
79.134361644
108.378580364
65.8298516555
102.906903502
73.986412448
83.7739097802
112.980244062
85.4044444444
78.6587344511
102.547658568
89.0922289397
89.2233650121
89.765051485
93.9772333795
106.595083282
100.604594419
98.6374061817
109.60024462
100.337510632
96.1011203677
120.758780976
115.143988409
93.0776861554
115.143988409
95.2908587258
101.836847956
126.538270061
91.5887079493
139.756582905
108.605697831
178.506227433
87.5402951528
178.506227433
87.5402951528
83.5978727965
127.19021152
77.5547311034
107.635275754
108.605697831
80.9681534886
95.059327907
79.2338015925
84.0961058638
80.2888542363
82.1501643003
71.3964856652
98.1552016005
100.047831633
98.7075134815
108.419753086
96.6740831356
112.300171753
91.8279294289
123.488309594
97.0466951466
102.585854777
103.345517535
118.723567859
100.047831633
96.6740831356
91.8279294289
115.779396462
100.229443611
80.5610314782
80.7737272824
80.7737272824
110.334923052
112.301360639
115.160470104
121.107266436
92.8233353652
110.349971754
141.456657254
65.9385156375
111.085252447
75.4959137837
92.8233353652
110.349971754
80.7557902498
116.907512608
176.899063476
105.29000134
110.708971418
98.2016025975
88.3767313019
99.2029880157
97.3516978808
111.233964048
98.2016025975
99.2029880157
101.243622449
118.610147853
94.1049327579
95.4000629011
96.4928892857
84.9799572465
91.0913138413
91.0913138413
147.294904916
100.887575187
95.6024145577
98.1821241967
109.959444545
88.0908796532
109.959444545
98.5838020242
89.9799501198
121.251253792
104.613250087
109.095243591
81.5605550454
109.095243591
81.5605550454
104.613250087
77.415240727
151.791902
151.791902
114.014513126
90.3469298882
77.5468630186
94.6225834941
98.9025947643
77.8237288662
97.9162159713
74.3517361593
114.694637781
94.6129470349
83.5524873986
91.3205986413
114.868014684
95.9929203215
93.7863483318
79.4533568918
105.364763446
112.593766973
86.9872726318
105.364763446
97.6136379963
91.0161346784
97.6136379963
91.9529220196
67.2150579331
83.7845266125
122.910501237
93.8957475995
107.2413337
84.5850684117
80.0356087073
190.931225325
109.361308888
90.9999539982
106.699363456
115.80277701
97.3167044596
97.6725892445
84.6279452237
110.429406238
105.440700155
81.120353384
87.1613974563
96.9682982529
82.6868383843
90.703601108
86.1741495932
86.4571402779
131.69092433
71.8285853421
80.2304353118
97.8029738241
94.440965174
113.574777917
126.073305139
104.984598291
100.525099769
107.777126853
116.014739229
101.127741089
90.4853084714
92.3326251256
80.1792654319
74.2652584945
95.1441926644
81.1993196472
97.1248350332
78.3396450583
