126.662530933
90.2885565227
87.1379962193
120.773211701
116.564421375
129.624628679
91.1926109459
99.7956580591
117.995133138
98.2933150765
145.122278957
109.683058086
92.9922228477
71.4610872049
117.030325444
97.0008339004
95.7366703718
89.9658621666
105.343092111
91.5789242343
78.6820323641
98.8480709045
120.018019703
85.8790623994
93.143440899
108.890818378
85.8872960949
72.2864224074
85.8872960949
97.7223869856
112.988231897
91.0430839002
117.051217729
96.2260872993
82.8320701384
94.5401276906
104.600675409
136.263548433
89.8503401361
116.564451792
85.269281291
92.069226735
84.9057327676
93.7888098579
84.9057327676
93.6276551437
110.246630671
73.6849825943
84.0162357649
161.399739951
80.8795743902
114.556379106
105.859395812
126.662530933
90.2885565227
87.1379962193
120.773211701
116.564421375
129.624628679
91.1926109459
99.7956580591
117.995133138
98.2933150765
145.122278957
109.683058086
92.9922228477
71.4610872049
117.030325444
97.0008339004
95.7366703718
89.9658621666
105.343092111
91.5789242343
78.6820323641
98.8480709045
120.018019703
85.8790623994
93.143440899
108.890818378
85.8872960949
72.2864224074
85.8872960949
97.7223869856
112.988231897
91.0430839002
117.051217729
96.2260872993
82.8320701384
94.5401276906
104.600675409
136.263548433
89.8503401361
116.564451792
85.269281291
92.069226735
84.9057327676
93.7888098579
84.9057327676
93.6276551437
110.246630671
73.6849825943
84.0162357649
161.399739951
80.8795743902
114.556379106
105.859395812
126.662530933
87.1379962193
90.2885565227
120.773211701
116.564421375
129.624628679
91.1926109459
99.7956580591
117.995133138
98.2933150765
145.122278957
109.683058086
92.9922228477
71.4610872049
117.030325444
97.0008339004
95.7366703718
89.9658621666
105.343092111
91.5789242343
78.6820323641
98.8480709045
120.018019703
85.8790623994
93.143440899
108.890818378
85.8872960949
85.8872960949
72.2864224074
97.7223869856
112.988231897
91.0430839002
117.051217729
96.2260872993
82.8320701384
94.5401276906
104.600675409
136.263548433
89.8503401361
116.564451792
85.269281291
92.069226735
84.9057327676
93.7888098579
84.9057327676
93.6276551437
110.246630671
73.6849825943
84.0162357649
161.399739951
80.8795743902
114.556379106
105.859395812
126.662530933
90.2885565227
87.1379962193
120.773211701
116.564421375
129.624628679
91.1926109459
99.7956580591
117.995133138
98.2933150765
145.122278957
109.683058086
92.9922228477
71.4610872049
117.030325444
97.0008339004
95.7366703718
89.9658621666
105.343092111
91.5789242343
78.6820323641
98.8480709045
120.018019703
85.8790623994
93.143440899
108.890818378
85.8872960949
72.2864224074
85.8872960949
97.7223869856
112.988231897
91.0430839002
117.051217729
96.2260872993
82.8320701384
94.5401276906
104.600675409
136.263548433
89.8503401361
116.564451792
85.269281291
92.069226735
84.9057327676
93.7888098579
84.9057327676
93.6276551437
110.246630671
73.6849825943
84.0162357649
161.399739951
80.8795743902
114.556379106
105.859395812
126.662530933
87.1379962193
90.2885565227
120.773211701
116.564421375
129.624628679
91.1926109459
99.7956580591
117.995133138
98.2933150765
145.122278957
109.683058086
92.9922228477
71.4610872049
117.030325444
97.0008339004
95.7366703718
89.9658621666
105.343092111
91.5789242343
78.6820323641
98.8480709045
120.018019703
85.8790623994
93.143440899
108.890818378
85.8872960949
85.8872960949
72.2864224074
97.7223869856
112.988231897
91.0430839002
117.051217729
96.2260872993
82.8320701384
94.5401276906
104.600675409
136.263548433
89.8503401361
116.564451792
85.269281291
92.069226735
84.9057327676
93.7888098579
84.9057327676
93.6276551437
110.246630671
73.6849825943
84.0162357649
161.399739951
80.8795743902
114.556379106
105.859395812
126.662530933
90.2885565227
87.1379962193
120.773211701
116.564421375
129.624628679
91.1926109459
99.7956580591
117.995133138
98.2933150765
145.122278957
109.683058086
92.9922228477
71.4610872049
117.030325444
97.0008339004
95.7366703718
89.9658621666
105.343092111
91.5789242343
78.6820323641
98.8480709045
120.018019703
85.8790623994
93.143440899
108.890818378
85.8872960949
72.2864224074
85.8872960949
97.7223869856
112.988231897
91.0430839002
117.051217729
96.2260872993
82.8320701384
94.5401276906
104.600675409
136.263548433
89.8503401361
116.564451792
85.269281291
92.069226735
84.9057327676
93.7888098579
84.9057327676
93.6276551437
110.246630671
73.6849825943
84.0162357649
161.399739951
80.8795743902
114.556379106
105.859395812
126.662530933
87.1379962193
90.2885565227
120.773211701
116.564421375
129.624628679
91.1926109459
99.7956580591
117.995133138
98.2933150765
145.122278957
109.683058086
92.9922228477
71.4610872049
117.030325444
97.0008339004
95.7366703718
89.9658621666
105.343092111
91.5789242343
78.6820323641
98.8480709045
120.018019703
85.8790623994
93.143440899
108.890818378
85.8872960949
85.8872960949
72.2864224074
97.7223869856
112.988231897
91.0430839002
117.051217729
96.2260872993
82.8320701384
94.5401276906
104.600675409
136.263548433
89.8503401361
116.564451792
85.269281291
92.069226735
84.9057327676
93.7888098579
84.9057327676
93.6276551437
110.246630671
73.6849825943
84.0162357649
161.399739951
80.8795743902
114.556379106
105.859395812
126.662530933
90.2885565227
87.1379962193
120.773211701
116.564421375
129.624628679
91.1926109459
99.7956580591
117.995133138
98.2933150765
145.122278957
109.683058086
92.9922228477
71.4610872049
117.030325444
97.0008339004
95.7366703718
89.9658621666
105.343092111
91.5789242343
78.6820323641
98.8480709045
120.018019703
85.8790623994
93.143440899
108.890818378
85.8872960949
72.2864224074
85.8872960949
97.7223869856
112.988231897
91.0430839002
117.051217729
96.2260872993
82.8320701384
94.5401276906
104.600675409
136.263548433
89.8503401361
116.564451792
85.269281291
92.069226735
84.9057327676
93.7888098579
84.9057327676
93.6276551437
110.246630671
73.6849825943
84.0162357649
161.399739951
80.8795743902
114.556379106
105.859395812
126.662530933
87.1379962193
90.2885565227
120.773211701
116.564421375
129.624628679
91.1926109459
99.7956580591
117.995133138
98.2933150765
145.122278957
109.683058086
92.9922228477
71.4610872049
117.030325444
97.0008339004
95.7366703718
89.9658621666
105.343092111
91.5789242343
78.6820323641
98.8480709045
120.018019703
85.8790623994
93.143440899
108.890818378
85.8872960949
85.8872960949
72.2864224074
97.7223869856
112.988231897
91.0430839002
117.051217729
96.2260872993
82.8320701384
94.5401276906
104.600675409
136.263548433
89.8503401361
116.564451792
85.269281291
92.069226735
84.9057327676
93.7888098579
84.9057327676
93.6276551437
110.246630671
73.6849825943
84.0162357649
161.399739951
80.8795743902
114.556379106
105.859395812
126.662530933
90.2885565227
87.1379962193
120.773211701
116.564421375
129.624628679
91.1926109459
99.7956580591
117.995133138
98.2933150765
145.122278957
109.683058086
92.9922228477
71.4610872049
117.030325444
97.0008339004
95.7366703718
89.9658621666
105.343092111
91.5789242343
78.6820323641
98.8480709045
120.018019703
85.8790623994
93.143440899
108.890818378
85.8872960949
72.2864224074
85.8872960949
97.7223869856
112.988231897
91.0430839002
117.051217729
96.2260872993
82.8320701384
94.5401276906
104.600675409
136.263548433
89.8503401361
116.564451792
85.269281291
92.069226735
84.9057327676
93.7888098579
84.9057327676
93.6276551437
110.246630671
73.6849825943
84.0162357649
161.399739951
80.8795743902
114.556379106
105.859395812
126.662530933
87.1379962193
90.2885565227
120.773211701
116.564421375
129.624628679
91.1926109459
99.7956580591
117.995133138
98.2933150765
145.122278957
109.683058086
92.9922228477
71.4610872049
117.030325444
97.0008339004
95.7366703718
89.9658621666
105.343092111
91.5789242343
78.6820323641
98.8480709045
120.018019703
85.8790623994
93.143440899
108.890818378
85.8872960949
85.8872960949
72.2864224074
97.7223869856
112.988231897
91.0430839002
117.051217729
96.2260872993
82.8320701384
94.5401276906
104.600675409
136.263548433
89.8503401361
116.564451792
85.269281291
92.069226735
84.9057327676
93.7888098579
84.9057327676
93.6276551437
110.246630671
73.6849825943
84.0162357649
161.399739951
80.8795743902
114.556379106
105.859395812
126.662530933
90.2885565227
87.1379962193
120.773211701
116.564421375
129.624628679
91.1926109459
99.7956580591
117.995133138
98.2933150765
145.122278957
109.683058086
92.9922228477
71.4610872049
117.030325444
97.0008339004
95.7366703718
89.9658621666
105.343092111
91.5789242343
78.6820323641
98.8480709045
120.018019703
85.8790623994
93.143440899
108.890818378
85.8872960949
72.2864224074
85.8872960949
97.7223869856
112.988231897
91.0430839002
117.051217729
96.2260872993
82.8320701384
94.5401276906
104.600675409
136.263548433
89.8503401361
116.564451792
85.269281291
92.069226735
84.9057327676
93.7888098579
84.9057327676
93.6276551437
110.246630671
73.6849825943
84.0162357649
161.399739951
80.8795743902
114.556379106
105.859395812
126.662530933
87.1379962193
90.2885565227
120.773211701
116.564421375
129.624628679
91.1926109459
99.7956580591
117.995133138
98.2933150765
145.122278957
109.683058086
92.9922228477
71.4610872049
117.030325444
97.0008339004
95.7366703718
89.9658621666
105.343092111
91.5789242343
78.6820323641
98.8480709045
120.018019703
85.8790623994
93.143440899
108.890818378
85.8872960949
85.8872960949
72.2864224074
97.7223869856
112.988231897
91.0430839002
117.051217729
96.2260872993
82.8320701384
94.5401276906
104.600675409
136.263548433
89.8503401361
116.564451792
85.269281291
92.069226735
84.9057327676
93.7888098579
84.9057327676
93.6276551437
110.246630671
73.6849825943
84.0162357649
161.399739951
80.8795743902
114.556379106
105.859395812
126.662530933
90.2885565227
87.1379962193
120.773211701
116.564421375
129.624628679
91.1926109459
99.7956580591
117.995133138
98.2933150765
145.122278957
109.683058086
92.9922228477
71.4610872049
117.030325444
97.0008339004
95.7366703718
89.9658621666
105.343092111
91.5789242343
78.6820323641
98.8480709045
120.018019703
85.8790623994
93.143440899
108.890818378
85.8872960949
72.2864224074
85.8872960949
97.7223869856
112.988231897
91.0430839002
117.051217729
96.2260872993
82.8320701384
94.5401276906
104.600675409
136.263548433
89.8503401361
116.564451792
85.269281291
92.069226735
84.9057327676
93.7888098579
84.9057327676
93.6276551437
110.246630671
73.6849825943
84.0162357649
161.399739951
80.8795743902
114.556379106
105.859395812
126.662530933
87.1379962193
90.2885565227
120.773211701
116.564421375
129.624628679
91.1926109459
99.7956580591
117.995133138
98.2933150765
145.122278957
109.683058086
92.9922228477
71.4610872049
117.030325444
97.0008339004
95.7366703718
89.9658621666
105.343092111
91.5789242343
78.6820323641
98.8480709045
120.018019703
85.8790623994
93.143440899
108.890818378
85.8872960949
85.8872960949
72.2864224074
97.7223869856
112.988231897
91.0430839002
117.051217729
96.2260872993
82.8320701384
94.5401276906
104.600675409
136.263548433
89.8503401361
116.564451792
85.269281291
92.069226735
84.9057327676
93.7888098579
84.9057327676
93.6276551437
110.246630671
73.6849825943
84.0162357649
161.399739951
80.8795743902
114.556379106
105.859395812
126.662530933
90.2885565227
87.1379962193
120.773211701
116.564421375
129.624628679
91.1926109459
99.7956580591
117.995133138
98.2933150765
145.122278957
109.683058086
92.9922228477
71.4610872049
117.030325444
97.0008339004
95.7366703718
89.9658621666
105.343092111
91.5789242343
78.6820323641
98.8480709045
120.018019703
85.8790623994
93.143440899
108.890818378
85.8872960949
72.2864224074
85.8872960949
97.7223869856
112.988231897
91.0430839002
117.051217729
96.2260872993
82.8320701384
94.5401276906
104.600675409
136.263548433
89.8503401361
116.564451792
85.269281291
92.069226735
84.9057327676
93.7888098579
84.9057327676
93.6276551437
110.246630671
73.6849825943
84.0162357649
161.399739951
80.8795743902
114.556379106
105.859395812
126.662530933
87.1379962193
90.2885565227
120.773211701
116.564421375
129.624628679
91.1926109459
99.7956580591
117.995133138
98.2933150765
145.122278957
109.683058086
92.9922228477
71.4610872049
117.030325444
97.0008339004
95.7366703718
89.9658621666
105.343092111
91.5789242343
78.6820323641
98.8480709045
120.018019703
85.8790623994
93.143440899
108.890818378
85.8872960949
85.8872960949
72.2864224074
97.7223869856
112.988231897
91.0430839002
117.051217729
96.2260872993
82.8320701384
94.5401276906
104.600675409
136.263548433
89.8503401361
116.564451792
85.269281291
92.069226735
84.9057327676
93.7888098579
84.9057327676
93.6276551437
110.246630671
73.6849825943
84.0162357649
161.399739951
80.8795743902
114.556379106
105.859395812
126.662530933
90.2885565227
87.1379962193
120.773211701
116.564421375
129.624628679
91.1926109459
99.7956580591
117.995133138
98.2933150765
145.122278957
109.683058086
92.9922228477
71.4610872049
117.030325444
97.0008339004
95.7366703718
89.9658621666
105.343092111
91.5789242343
78.6820323641
98.8480709045
120.018019703
85.8790623994
93.143440899
108.890818378
85.8872960949
72.2864224074
85.8872960949
97.7223869856
112.988231897
91.0430839002
117.051217729
96.2260872993
82.8320701384
94.5401276906
104.600675409
136.263548433
89.8503401361
116.564451792
85.269281291
92.069226735
84.9057327676
93.7888098579
84.9057327676
93.6276551437
110.246630671
73.6849825943
84.0162357649
161.399739951
80.8795743902
114.556379106
105.859395812
126.662530933
87.1379962193
90.2885565227
120.773211701
116.564421375
129.624628679
91.1926109459
99.7956580591
117.995133138
98.2933150765
145.122278957
109.683058086
92.9922228477
71.4610872049
117.030325444
97.0008339004
95.7366703718
89.9658621666
105.343092111
91.5789242343
78.6820323641
98.8480709045
120.018019703
85.8790623994
93.143440899
108.890818378
85.8872960949
85.8872960949
72.2864224074
97.7223869856
112.988231897
91.0430839002
117.051217729
96.2260872993
82.8320701384
94.5401276906
104.600675409
136.263548433
89.8503401361
116.564451792
85.269281291
92.069226735
84.9057327676
93.7888098579
84.9057327676
93.6276551437
110.246630671
73.6849825943
84.0162357649
161.399739951
80.8795743902
114.556379106
105.859395812
126.662530933
90.2885565227
87.1379962193
120.773211701
116.564421375
129.624628679
91.1926109459
99.7956580591
117.995133138
98.2933150765
145.122278957
109.683058086
92.9922228477
71.4610872049
117.030325444
97.0008339004
95.7366703718
89.9658621666
105.343092111
91.5789242343
78.6820323641
98.8480709045
120.018019703
85.8790623994
93.143440899
108.890818378
85.8872960949
72.2864224074
85.8872960949
97.7223869856
112.988231897
91.0430839002
117.051217729
96.2260872993
82.8320701384
94.5401276906
104.600675409
136.263548433
89.8503401361
116.564451792
85.269281291
92.069226735
84.9057327676
93.7888098579
84.9057327676
93.6276551437
110.246630671
73.6849825943
84.0162357649
161.399739951
80.8795743902
114.556379106
105.859395812
126.662530933
87.1379962193
90.2885565227
120.773211701
116.564421375
129.624628679
91.1926109459
99.7956580591
117.995133138
98.2933150765
145.122278957
109.683058086
92.9922228477
71.4610872049
117.030325444
97.0008339004
95.7366703718
89.9658621666
105.343092111
91.5789242343
78.6820323641
98.8480709045
120.018019703
85.8790623994
93.143440899
108.890818378
85.8872960949
85.8872960949
72.2864224074
97.7223869856
112.988231897
91.0430839002
117.051217729
96.2260872993
82.8320701384
94.5401276906
104.600675409
136.263548433
89.8503401361
116.564451792
85.269281291
92.069226735
84.9057327676
93.7888098579
84.9057327676
93.6276551437
110.246630671
73.6849825943
84.0162357649
161.399739951
80.8795743902
114.556379106
105.859395812
126.662530933
90.2885565227
87.1379962193
120.773211701
116.564421375
129.624628679
91.1926109459
99.7956580591
117.995133138
98.2933150765
145.122278957
109.683058086
92.9922228477
71.4610872049
117.030325444
97.0008339004
95.7366703718
89.9658621666
105.343092111
91.5789242343
78.6820323641
98.8480709045
120.018019703
85.8790623994
93.143440899
108.890818378
85.8872960949
72.2864224074
85.8872960949
97.7223869856
112.988231897
91.0430839002
117.051217729
96.2260872993
82.8320701384
94.5401276906
104.600675409
136.263548433
89.8503401361
116.564451792
85.269281291
92.069226735
84.9057327676
93.7888098579
84.9057327676
93.6276551437
110.246630671
73.6849825943
84.0162357649
161.399739951
80.8795743902
114.556379106
105.859395812
126.662530933
87.1379962193
90.2885565227
120.773211701
116.564421375
129.624628679
91.1926109459
99.7956580591
117.995133138
98.2933150765
145.122278957
109.683058086
92.9922228477
71.4610872049
117.030325444
97.0008339004
95.7366703718
89.9658621666
105.343092111
91.5789242343
78.6820323641
98.8480709045
120.018019703
85.8790623994
93.143440899
108.890818378
85.8872960949
85.8872960949
72.2864224074
97.7223869856
112.988231897
91.0430839002
117.051217729
96.2260872993
82.8320701384
94.5401276906
104.600675409
136.263548433
89.8503401361
116.564451792
85.269281291
92.069226735
84.9057327676
93.7888098579
84.9057327676
93.6276551437
110.246630671
73.6849825943
84.0162357649
161.399739951
80.8795743902
114.556379106
105.859395812
126.662530933
90.2885565227
87.1379962193
120.773211701
116.564421375
129.624628679
91.1926109459
99.7956580591
117.995133138
98.2933150765
145.122278957
109.683058086
92.9922228477
71.4610872049
117.030325444
97.0008339004
95.7366703718
89.9658621666
105.343092111
91.5789242343
78.6820323641
98.8480709045
120.018019703
85.8790623994
93.143440899
108.890818378
85.8872960949
72.2864224074
85.8872960949
97.7223869856
112.988231897
91.0430839002
117.051217729
96.2260872993
82.8320701384
94.5401276906
104.600675409
136.263548433
89.8503401361
116.564451792
85.269281291
92.069226735
84.9057327676
93.7888098579
84.9057327676
93.6276551437
110.246630671
73.6849825943
84.0162357649
161.399739951
80.8795743902
114.556379106
105.859395812
126.662530933
87.1379962193
90.2885565227
120.773211701
116.564421375
129.624628679
91.1926109459
99.7956580591
117.995133138
98.2933150765
145.122278957
109.683058086
92.9922228477
71.4610872049
117.030325444
97.0008339004
95.7366703718
89.9658621666
105.343092111
91.5789242343
78.6820323641
98.8480709045
120.018019703
85.8790623994
93.143440899
108.890818378
85.8872960949
85.8872960949
72.2864224074
97.7223869856
112.988231897
91.0430839002
117.051217729
96.2260872993
82.8320701384
94.5401276906
104.600675409
136.263548433
89.8503401361
116.564451792
85.269281291
92.069226735
84.9057327676
93.7888098579
84.9057327676
93.6276551437
110.246630671
73.6849825943
84.0162357649
161.399739951
80.8795743902
114.556379106
105.859395812
126.662530933
90.2885565227
87.1379962193
120.773211701
116.564421375
129.624628679
91.1926109459
99.7956580591
117.995133138
98.2933150765
145.122278957
109.683058086
92.9922228477
71.4610872049
117.030325444
97.0008339004
95.7366703718
89.9658621666
105.343092111
91.5789242343
78.6820323641
98.8480709045
120.018019703
85.8790623994
93.143440899
108.890818378
85.8872960949
72.2864224074
85.8872960949
97.7223869856
112.988231897
91.0430839002
117.051217729
96.2260872993
82.8320701384
94.5401276906
104.600675409
136.263548433
89.8503401361
116.564451792
85.269281291
92.069226735
84.9057327676
93.7888098579
84.9057327676
93.6276551437
110.246630671
73.6849825943
84.0162357649
161.399739951
80.8795743902
114.556379106
105.859395812
126.662530933
87.1379962193
90.2885565227
120.773211701
116.564421375
129.624628679
91.1926109459
99.7956580591
117.995133138
98.2933150765
145.122278957
109.683058086
92.9922228477
71.4610872049
117.030325444
97.0008339004
95.7366703718
89.9658621666
105.343092111
91.5789242343
78.6820323641
98.8480709045
120.018019703
85.8790623994
93.143440899
108.890818378
85.8872960949
85.8872960949
72.2864224074
97.7223869856
112.988231897
91.0430839002
117.051217729
96.2260872993
82.8320701384
94.5401276906
104.600675409
136.263548433
89.8503401361
116.564451792
85.269281291
92.069226735
84.9057327676
93.7888098579
84.9057327676
93.6276551437
110.246630671
73.6849825943
84.0162357649
161.399739951
80.8795743902
114.556379106
105.859395812
126.662530933
90.2885565227
87.1379962193
120.773211701
116.564421375
129.624628679
91.1926109459
99.7956580591
117.995133138
98.2933150765
145.122278957
109.683058086
92.9922228477
71.4610872049
117.030325444
97.0008339004
95.7366703718
89.9658621666
105.343092111
91.5789242343
78.6820323641
98.8480709045
120.018019703
85.8790623994
93.143440899
108.890818378
85.8872960949
72.2864224074
85.8872960949
97.7223869856
112.988231897
91.0430839002
117.051217729
96.2260872993
82.8320701384
94.5401276906
104.600675409
136.263548433
89.8503401361
116.564451792
85.269281291
92.069226735
84.9057327676
93.7888098579
84.9057327676
93.6276551437
110.246630671
73.6849825943
84.0162357649
161.399739951
80.8795743902
114.556379106
105.859395812
126.662530933
87.1379962193
90.2885565227
120.773211701
116.564421375
129.624628679
91.1926109459
99.7956580591
117.995133138
98.2933150765
145.122278957
109.683058086
92.9922228477
71.4610872049
117.030325444
97.0008339004
95.7366703718
89.9658621666
105.343092111
91.5789242343
78.6820323641
98.8480709045
120.018019703
85.8790623994
93.143440899
108.890818378
85.8872960949
85.8872960949
72.2864224074
97.7223869856
112.988231897
91.0430839002
117.051217729
96.2260872993
82.8320701384
94.5401276906
104.600675409
136.263548433
89.8503401361
116.564451792
85.269281291
92.069226735
84.9057327676
93.7888098579
84.9057327676
93.6276551437
110.246630671
73.6849825943
84.0162357649
161.399739951
80.8795743902
114.556379106
105.859395812
126.662530933
90.2885565227
87.1379962193
120.773211701
116.564421375
129.624628679
91.1926109459
99.7956580591
117.995133138
98.2933150765
145.122278957
109.683058086
92.9922228477
71.4610872049
117.030325444
97.0008339004
95.7366703718
89.9658621666
105.343092111
91.5789242343
78.6820323641
98.8480709045
120.018019703
85.8790623994
93.143440899
108.890818378
85.8872960949
72.2864224074
85.8872960949
97.7223869856
112.988231897
91.0430839002
117.051217729
96.2260872993
82.8320701384
94.5401276906
104.600675409
136.263548433
89.8503401361
116.564451792
85.269281291
92.069226735
84.9057327676
93.7888098579
84.9057327676
93.6276551437
110.246630671
73.6849825943
84.0162357649
161.399739951
80.8795743902
114.556379106
105.859395812
126.662530933
87.1379962193
90.2885565227
120.773211701
116.564421375
129.624628679
91.1926109459
99.7956580591
117.995133138
98.2933150765
145.122278957
109.683058086
92.9922228477
71.4610872049
117.030325444
97.0008339004
95.7366703718
89.9658621666
105.343092111
91.5789242343
78.6820323641
98.8480709045
120.018019703
85.8790623994
93.143440899
108.890818378
